1 1
2 4
3 21
4 44
5 79
6 130
7 278
8 400
9 567
10 964
11 1279
12 1674
13 2480
14 3109
15 3910
16 4867
17 6482
18 7862
19 9469
20 12024
21 14244
22 16730
23 19612
24 23856
25 27566
26 31726
27 37735
28 42934
29 48700
30 55196
31 63932
32 71686
33 80368
34 91924
35 102051
36 113274
37 128099
38 141134
39 155446
40 170902
41 190497
42 208308
43 227621
44 251906
45 273811
46 297248
47 322622
48 353336
49 381913
50 412246
51 449418
52 483366
53 519649
54 563602
55 603975
56 646458
57 691779
58 745570
59 795454
60 847992
61 910882
62 968680
63 1029553
64 1093556
65 1168932
66 1238687
67 1312300
68 1398456
69 1478468
70 1562050
71 1660468
72 1751178
73 1846146
74 1945084
75 2060192
76 2167130
77 2278806
78 2408022
79 2528440
80 2653098
