1 1
2 4
3 21
4 44
5 79
6 128
7 278
8 400
9 565
10 960
11 1263
12 1652
13 2466
14 3080
15 3862
16 4832
17 6406
18 7768
19 9403
20 11912
21 14096
22 16632
23 19560
24 23656
25 27394
26 31632
27 37433
28 42680
29 48556
30 55112
31 63616
32 71520
33 80222
34 91444
35 101775
36 113096
37 127535
38 140768
39 155126
40 170728
41 189987
42 207948
43 227269
44 251132
45 273183
46 296880
47 322188
48 352728
49 381299
50 411828
51 448439
52 482636
53 518895
54 562480
55 602856
56 645696
57 690915
58 744344
59 794321
60 847148
61 909286
62 967360
63 1028354
64 1092600
65 1167116
66 1237344
67 1310859
68 1396456
69 1476522
70 1560480
71 1657902
72 1748984
73 1843984
74 1943352
75 2057345
76 2164680
77 2276366
78 2404992
79 2525292
80 2650704
