1 1
2 4
3 21
4 44
5 79
6 128
7 278
8 404
9 567
10 960
11 1270
12 1668
13 2468
14 3096
15 3879
16 4868
17 6429
18 7816
19 9443
20 11960
21 14131
22 16708
23 19624
24 23752
25 27460
26 31760
27 37499
28 42812
29 48654
30 55264
31 63721
32 71720
33 80359
34 91648
35 101920
36 113344
37 127682
38 141056
39 155318
40 171064
41 190182
42 208292
43 227509
44 251524
45 273433
46 297328
47 322483
48 353184
49 381605
50 412344
51 448760
52 483212
53 519264
54 563064
55 603241
56 646348
57 691348
58 745064
59 794777
60 847940
61 909753
62 968164
63 1028882
64 1093752
65 1167662
66 1238304
67 1311466
68 1397428
69 1477148
70 1561536
71 1658551
72 1750128
73 1844697
74 1944584
75 2058082
76 2165928
77 2277167
78 2406336
79 2526124
80 2652144
